# >> Output from NodeLinkage.pl <<
# >> Input file 1: "Nodes-Similarities_Rmrz89_Exhaust_Nest0.6_Conn0.08_CompConn0.15.long.txt
# >> Input file 2: "Rmrz89_Exhaust_Nest0.6_Conn0.08_CompConn0.15.long.txt
# >> Clustering of nodes with the Average Linkage method
# >> Running at date:  (mm,dd,yy) 8, 19, 2022, and time: 22:21:9,
# >> Silwood Park, Imperial College London, A.P-G.
# 
Step	Similarity	Density	DensityInt	DensityExt	NumNodesA	NumEdgesA	NumNodesB	NumEdgesB	NumNodesAB	NumEdgesAB	NumIntNodesA	NumIntNodesB	NumExtNodesA	NumExtNodesB	NumIntNodesAB	NumExtNodesAB	NumIntEdgesA	NumIntEdgesB	NumExtEdgesA	NumExtEdgesB	NumIntEdgesAB	NumExtEdgesAB	nodeA	nodeB	NcumInt	NcumExt	Ncum
1	0.387207196911377	0.00921230561189993	0.00202839756592292	0.00718390804597701	1	10	1	9	2	18	0	0	10	9	2	12	0	0	10	9	1	17	An_29	An_16	1	492	493
2	0.351261761236206	0.0163962136578769	0.00202839756592292	0.014367816091954	1	8	1	9	2	17	0	0	8	9	0	12	0	0	8	9	0	17	An_21	An_17	1	492	493
3	0.340091603628586	0.0278904665314402	0.00405679513184584	0.0238336713995943	1	19	1	11	2	29	0	0	19	11	2	21	0	0	19	11	1	28	Pl_5	Pl_11	2	491	493
4	0.337732748291823	0.0322370327441321	0.00405679513184584	0.0281802376122863	1	4	1	6	2	10	0	0	4	6	0	7	0	0	4	6	0	10	Pl_42	Pl_45	2	491	493
5	0.327034036235697	0.0422722628071192	0.00608519269776876	0.0361870701093505	1	15	1	12	2	26	0	0	15	12	2	19	0	0	15	12	1	25	Pl_13	Pl_28	3	490	493
6	0.324026045735853	0.0535607362174729	0.00811359026369168	0.0454471459537812	1	15	1	17	2	31	0	0	15	17	2	23	0	0	15	17	1	30	An_6	An_4	4	489	493
7	0.320546117867119	0.0608941735711942	0.0101419878296146	0.0507521857415796	1	8	1	11	2	18	0	0	8	11	2	13	0	0	8	11	1	17	Pl_16	Pl_15	5	488	493
8	0.318406724778873	0.0664261669328022	0.0101419878296146	0.0562841791031876	1	8	1	7	2	15	0	0	8	7	0	11	0	0	8	7	0	15	Pl_20	Pl_17	5	488	493
9	0.314786658729952	0.0719581602944101	0.0101419878296146	0.0618161724647955	1	6	1	9	2	15	0	0	6	9	0	11	0	0	6	9	0	15	Pl_46	Pl_35	5	488	493
10	0.311732073663285	0.0792915976481315	0.0121703853955375	0.0671212122525939	1	12	1	7	2	18	0	0	12	7	2	13	0	0	12	7	1	17	Pl_12	Pl_14	6	487	493
11	0.305976382567296	0.0833483927799773	0.0121703853955375	0.0711780073844398	1	7	1	5	2	12	0	0	7	5	0	9	0	0	7	5	0	12	Pl_32	Pl_37	6	487	493
12	0.304765217712102	0.0901097179997204	0.0121703853955375	0.0779393326041828	1	10	1	10	2	20	0	0	10	10	0	15	0	0	10	10	0	20	An_18	An_15	6	487	493
13	0.300604916246543	0.103915907883905	0.0141987829614604	0.089717124922445	1	24	1	18	2	41	0	0	24	18	2	31	0	0	24	18	1	40	An_3	An_7	7	486	493
14	0.297362757168046	0.111160184905059	0.0162271805273834	0.0949330043776753	1	11	1	9	2	19	0	0	11	9	2	14	0	0	11	9	1	18	An_19	An_20	8	485	493
15	0.292806969010446	0.117921510124802	0.0162271805273834	0.101694329597418	1	8	1	12	2	20	0	0	8	12	0	15	0	0	8	12	0	20	Pl_41	Pl_7	8	485	493
16	0.28446742964488	0.125832260631901	0.0162271805273834	0.109605080104518	1	12	1	14	2	26	0	0	12	14	0	20	0	0	12	14	0	26	An_12	An_13	8	485	493
17	0.275532744172713	0.134919481727236	0.0162271805273834	0.118692301199852	1	13	1	19	2	32	0	0	13	19	0	25	0	0	13	19	0	32	Pl_6	Pl_4	8	485	493
18	0.27324586265235	0.140135361182466	0.0162271805273834	0.123908180655083	1	8	1	10	2	18	0	0	8	10	0	14	0	0	8	10	0	18	An_34	An_32	8	485	493
19	0.271700235543118	0.147880151888717	0.0162271805273834	0.131652971361334	1	11	1	17	2	28	0	0	11	17	0	22	0	0	11	17	0	28	An_9	An_5	8	485	493
20	0.269491163408772	0.151835527142267	0.0162271805273834	0.135608346614884	1	9	1	4	2	13	0	0	9	4	0	10	0	0	9	4	0	13	An_41	An_43	8	485	493
21	0.267622277540104	0.158397989855547	0.0162271805273834	0.142170809328164	1	11	1	11	2	22	0	0	11	11	0	17	0	0	11	11	0	22	An_11	An_14	8	485	493
22	0.266997281033346	0.162353365109097	0.0162271805273834	0.146126184581713	1	4	1	9	2	13	0	0	4	9	0	10	0	0	4	9	0	13	Pl_29	Pl_36	8	485	493
23	0.265810758744442	0.166308740362646	0.0162271805273834	0.150081559835263	1	7	1	6	2	13	0	0	7	6	0	10	0	0	7	6	0	13	An_30	An_38	8	485	493
24	0.261117302540852	0.174592370762715	0.0162271805273834	0.158365190235332	1	38	2	32	3	70	0	0	38	25	0	47	0	0	38	32	0	70	Pl_1	Pl_6	8	485	493
25	0.25620963159536	0.179808250217946	0.0162271805273834	0.163581069690563	1	11	1	7	2	18	0	0	11	7	0	14	0	0	11	7	0	18	An_44	An_22	8	485	493
26	0.254943193541559	0.187480884489046	0.0162271805273834	0.171253703961662	1	19	1	10	2	29	0	0	19	10	0	23	0	0	19	10	0	29	Pl_3	Pl_9	8	485	493
27	0.253996458062008	0.188002472434569	0.0162271805273834	0.171775291907185	2	10	1	6	3	16	0	0	7	6	0	10	0	0	10	6	0	16	Pl_42	Pl_21	8	485	493
28	0.247771084883192	0.189071528242799	0.0148749154834348	0.174196612759364	2	31	1	13	3	44	2	0	23	13	2	28	1	0	30	13	1	43	An_6	An_8	8	485	493
29	0.247300875251588	0.186620547850642	0.0212981744421907	0.165322373408451	2	18	2	17	4	31	2	0	12	12	4	16	1	0	17	17	5	26	An_29	An_21	12	481	493
30	0.244606554555652	0.191128097997137	0.0233265720081136	0.167801525989024	1	7	1	6	2	12	0	0	7	6	2	9	0	0	7	6	1	11	Pl_40	Pl_23	13	480	493
31	0.24045153923425	0.196901229530918	0.0253549695740365	0.171546259956882	1	10	1	8	2	17	0	0	10	8	2	13	0	0	10	8	1	16	An_45	An_24	14	479	493
32	0.239757644661626	0.200773624884044	0.0253549695740365	0.175418655310007	1	6	1	8	2	14	0	0	6	8	0	11	0	0	6	8	0	14	Pl_25	Pl_30	14	479	493
33	0.230674500426578	0.197385007201153	0.025895875591616	0.171489131609537	3	44	2	41	5	83	2	2	28	31	5	40	1	1	43	40	4	79	An_6	An_3	16	477	493
34	0.22794933829332	0.203790473198804	0.0258958755916159	0.177894597607188	1	12	1	12	2	24	0	0	12	12	0	19	0	0	12	12	0	24	An_28	An_35	16	477	493
35	0.227037772964004	0.200477039674924	0.0258958755916159	0.174581164083309	2	12	2	15	4	27	0	0	9	11	0	16	0	0	12	15	0	27	Pl_32	Pl_20	16	477	493
36	0.226779783505185	0.203046851628744	0.0299526707234618	0.173094180905282	2	26	1	9	3	33	2	0	19	9	3	21	1	0	25	9	3	30	Pl_13	Pl_31	18	475	493
37	0.226494655444703	0.20691924698187	0.0299526707234618	0.176966576258408	1	6	1	8	2	14	0	0	6	8	0	11	0	0	6	8	0	14	Pl_43	Pl_18	18	475	493
38	0.220167997666084	0.211990240896677	0.0299526707234618	0.182037570173215	1	13	1	7	2	20	0	0	13	7	0	16	0	0	13	7	0	20	An_40	An_39	18	475	493
39	0.219563718562303	0.212412823722911	0.0299526707234618	0.182460152999449	2	20	1	14	3	34	0	0	15	14	0	24	0	0	20	14	0	34	An_18	An_10	18	475	493
40	0.219293525208611	0.217483817637718	0.0299526707234618	0.187531146914256	1	10	1	10	2	20	0	0	10	10	0	16	0	0	10	10	0	20	Pl_44	Pl_19	18	475	493
41	0.217171900751314	0.219763350140374	0.0313049357674104	0.188458414372964	1	12	3	16	4	26	0	0	12	10	3	14	0	0	12	16	2	24	Pl_39	Pl_42	20	473	493
42	0.216313288988499	0.219983093210016	0.0392156862745098	0.180767406935506	2	20	4	31	6	45	0	4	16	16	6	24	0	5	20	26	11	34	An_40	An_29	26	467	493
43	0.216045495680283	0.222722899777321	0.0392156862745098	0.183507213502811	1	15	2	29	3	44	0	0	15	23	0	30	0	0	15	29	0	44	Pl_8	Pl_3	26	467	493
44	0.210283368059618	0.223536428212851	0.0392156862745098	0.184320741938342	2	22	1	10	3	32	0	0	17	10	0	22	0	0	22	10	0	32	An_11	An_25	26	467	493
45	0.209308928766559	0.223219359856273	0.0385395537525355	0.184679806103738	3	33	1	8	4	40	3	0	21	8	4	23	3	0	30	8	4	36	Pl_13	Pl_47	27	466	493
46	0.207057359523292	0.221364093193704	0.0388776200135226	0.182486473180182	2	13	2	14	4	26	0	0	10	11	2	15	0	0	13	14	1	25	Pl_29	Pl_43	28	465	493
47	0.20356097028712	0.225108827161562	0.0388776200135226	0.18623120714804	1	9	1	7	2	16	0	0	9	7	0	13	0	0	9	7	0	16	An_36	An_31	28	465	493
48	0.200506986685819	0.222598809945663	0.0422582826233942	0.180340527322268	2	18	2	14	4	29	2	0	13	11	4	18	1	0	17	14	4	25	Pl_12	Pl_25	31	462	493
49	0.193482938346568	0.221547337190336	0.0432724814063556	0.17827485578398	2	13	2	17	4	28	0	2	10	13	4	15	0	1	13	16	3	25	An_30	An_45	33	460	493
50	0.192775637355471	0.212311589266141	0.041446923597025	0.170864665669116	3	70	2	29	5	99	0	2	47	21	2	55	0	1	70	28	1	98	Pl_1	Pl_5	33	460	493
51	0.19108288420512	0.21231896525729	0.041446923597025	0.170872041660265	3	32	1	7	4	39	0	0	22	7	0	25	0	0	32	7	0	39	An_11	An_37	33	460	493
52	0.190909868916786	0.22441133536183	0.041446923597025	0.182964411764805	1	23	1	39	2	62	0	0	23	39	0	52	0	0	23	39	0	62	An_2	An_1	33	460	493
53	0.190459510036911	0.218526095335719	0.039746933256061	0.178779162079658	2	28	5	83	7	111	0	5	22	40	5	47	0	4	28	79	4	107	An_9	An_6	33	460	493
54	0.188906409177404	0.220370354682892	0.039746933256061	0.180623421426831	3	44	1	27	4	71	0	0	30	27	0	47	0	0	44	27	0	71	Pl_8	Pl_2	33	460	493
55	0.188540636892672	0.215142148136227	0.0380566019511253	0.177085546185102	2	20	2	18	4	38	0	2	15	13	2	22	0	1	20	17	1	37	Pl_41	Pl_16	33	460	493
56	0.18564248110341	0.211381205700504	0.0380566019511253	0.173324603749379	2	26	2	18	4	44	0	0	20	14	0	27	0	0	26	18	0	44	An_12	An_34	33	460	493
57	0.180770595617052	0.211171417546453	0.0377185356901381	0.173452881856315	4	40	1	4	5	43	4	0	23	4	5	22	4	0	36	4	5	38	Pl_13	Pl_22	34	459	493
58	0.17430729748174	0.206333118590507	0.0370424031681638	0.169290715422343	2	18	2	19	4	36	0	2	14	14	3	22	0	1	18	18	2	34	An_44	An_19	35	458	493
59	0.169198490369443	0.199852094274419	0.0382481728323513	0.161603921442068	4	71	5	99	9	166	0	2	47	55	5	74	0	1	71	98	5	161	Pl_8	Pl_1	39	454	493
60	0.165138236036347	0.19959890679253	0.0384510125889436	0.161147894203586	4	39	1	8	5	46	0	0	25	8	2	28	0	0	39	8	1	45	An_11	An_23	40	453	493
61	0.157158935403632	0.203608236055409	0.0429811004861715	0.160627135569237	1	11	4	29	5	37	0	4	11	18	5	22	0	4	11	25	7	30	Pl_33	Pl_12	43	450	493
62	0.156636665322807	0.20124006482314	0.0438600727647381	0.157379992058402	2	20	4	38	6	56	0	2	16	22	5	27	0	1	20	37	3	53	Pl_44	Pl_41	45	448	493
63	0.156360117523318	0.1916428600628	0.0443430245661483	0.147299835496652	7	111	2	62	9	171	5	0	47	52	7	75	4	0	107	62	6	165	An_9	An_2	47	446	493
64	0.15347976517778	0.192989088209231	0.048061753437007	0.144927334772225	4	26	1	9	5	32	3	0	14	9	5	18	2	0	24	9	5	27	Pl_39	Pl_27	50	443	493
65	0.152867851155259	0.191508484258735	0.0526353069963617	0.138873177262373	2	24	6	45	8	63	0	6	19	24	8	31	0	11	24	34	17	46	An_28	An_40	56	437	493
66	0.152051051836702	0.191043056492125	0.0536978009594642	0.137345255532661	4	36	3	34	7	67	3	0	22	24	6	29	2	0	34	34	5	62	An_44	An_18	59	434	493
67	0.142845124282879	0.185905516453469	0.0532019704433497	0.13270354601012	6	56	4	27	10	82	5	0	27	16	6	33	3	0	53	27	4	78	Pl_44	Pl_32	60	433	493
68	0.142625322267395	0.18827198028038	0.0532019704433497	0.13507000983703	1	9	1	5	2	14	0	0	9	5	0	12	0	0	9	5	0	14	Pl_34	Pl_24	60	433	493
69	0.140522768571525	0.183679350124869	0.0534273479506745	0.130252002174195	5	32	4	26	9	54	5	2	18	15	9	25	5	1	27	25	10	44	Pl_39	Pl_29	64	429	493
70	0.137700509720114	0.177460798134477	0.0503303097623584	0.127130488372118	4	28	7	67	11	95	4	6	15	29	10	33	3	5	25	62	8	87	An_30	An_44	64	429	493
71	0.13639240763588	0.173692961033306	0.0487365688177047	0.124956392215602	2	14	5	43	7	56	0	5	12	22	6	27	0	5	14	38	6	50	Pl_34	Pl_13	65	428	493
72	0.134585067970517	0.171967738779828	0.0487365688177047	0.123231169962124	4	44	2	16	6	60	0	0	27	13	0	31	0	0	44	16	0	60	An_12	An_36	65	428	493
73	0.133064561261935	0.16636249772834	0.0499822917672816	0.116380205961058	10	82	2	15	12	93	6	0	33	11	7	36	4	0	78	15	8	85	Pl_44	Pl_46	69	424	493
74	0.131698549264934	0.165884514273549	0.0501964003992401	0.115688113874309	9	166	1	10	10	175	5	0	74	10	6	76	5	0	161	10	6	169	Pl_8	Pl_10	70	423	493
75	0.125389948098018	0.163165800812383	0.0496364690076657	0.113529331804717	9	54	12	93	21	138	9	7	25	36	20	34	10	8	44	85	27	111	Pl_39	Pl_44	79	414	493
76	0.119136093973462	0.161194792720603	0.046956086509839	0.114238706210764	8	63	1	5	9	67	8	0	31	5	9	30	17	0	46	5	18	49	An_28	An_46	80	413	493
77	0.111947307166998	0.152128232257117	0.0465214298885698	0.105606802368548	10	175	5	37	15	201	6	5	76	22	15	75	6	7	169	30	24	177	Pl_8	Pl_33	91	402	493
78	0.108666748306244	0.149013586628827	0.057584331907205	0.0914292547216223	11	95	6	60	17	133	10	0	33	31	16	37	8	0	87	60	30	103	An_30	An_12	113	380	493
79	0.104853329104628	0.148610925564402	0.0575167186550076	0.0910942069093939	1	7	5	46	6	53	0	2	7	28	2	32	0	1	7	45	1	52	An_26	An_11	113	380	493
80	0.10317100716857	0.141762816478105	0.0522070897324447	0.0895557267456602	17	133	9	67	26	183	16	9	37	30	26	30	30	18	103	49	65	118	An_30	An_28	130	363	493
81	0.101706708298913	0.140212239350702	0.0523616343088959	0.0878506050418063	6	53	2	13	8	65	2	0	32	10	4	32	1	0	52	13	2	63	An_26	An_41	131	362	493
82	0.0950937879817895	0.134286740686057	0.0591261792073151	0.0751605614787421	15	201	21	138	36	302	15	20	75	34	36	56	24	27	177	111	88	214	Pl_8	Pl_39	168	325	493
83	0.0918044165259577	0.121363231042989	0.0676011310541796	0.0537620999888093	9	171	26	183	35	321	7	26	75	30	35	58	6	65	165	118	104	217	An_9	An_30	201	292	493
84	0.0840669909288437	0.116540781319887	0.0657015206352994	0.0508392606845877	7	56	2	12	9	67	6	2	27	9	8	31	6	1	50	11	8	59	Pl_34	Pl_40	202	291	493
85	0.0816968938314009	0.117971680967875	0.0818121849113877	0.036159496056487	8	65	35	321	43	338	4	35	32	58	43	50	2	104	63	217	154	184	An_26	An_9	250	243	493
86	0.0806220816423149	0.119098568504499	0.0818121849113877	0.0372863835931109	1	4	1	6	2	10	0	0	4	6	0	9	0	0	4	6	0	10	An_42	An_27	250	243	493
87	0.0756256054813484	0.119516012835318	0.0945866991057801	0.024929313729538	36	302	9	67	45	323	36	8	56	31	45	47	88	8	214	59	142	181	Pl_8	Pl_34	296	197	493
88	0.0678751685521635	0.12042744892685	0.0962048429004417	0.0242226060264087	43	338	1	7	44	339	43	0	50	7	44	49	154	0	184	7	160	179	An_26	An_33	302	191	493
89	0.0579566800131668	0.118974753340893	0.0966272656897932	0.0223474876510998	44	339	2	10	46	341	44	0	49	9	46	47	160	0	179	10	168	173	An_26	An_42	310	183	493
90	0.0421071306944462	0.119476150535496	0.0976629332392627	0.0218132172962329	45	323	1	6	46	324	45	0	47	6	46	46	142	0	181	6	147	177	Pl_8	Pl_38	315	178	493
91	0.039326414572536	0.119649482409037	0.0986660612121974	0.0209834211968401	46	324	1	6	47	325	46	0	46	6	47	46	147	0	177	6	152	173	Pl_8	Pl_26	320	173	493
92	0.00237116104569125	0.115240766713417	0.115240766713417	-1.06293157732875e-16	46	341	47	325	93	493	46	47	47	46	93	0	168	152	173	173	493	0	An_26	Pl_8	493	0	493
